1.779880686715506366e+00
3.669523051327710395e+00
4.099546399364609739e-01
1.200570647894650733e+00
5.385953695094753968e+00
3.717741906174762523e+00
1.180183366505255460e+00
4.755843968303188340e+00
2.989559702833273769e-01
3.974364881757198376e+00
2.341230108859874370e+00
3.110749382567290500e+00
1.169916185761270766e+00
1.234079767627289437e+00
4.797277813098306254e+00
2.231349321557093202e+00
3.531514977956189849e+00
5.197091233825712919e+00
4.463430124824221856e+00
4.236621767521071114e+00
3.310150772186294610e+00
1.200947582546904480e+00
1.466089084334025516e+00
1.298685139343138450e+00
3.297001611614841732e+00
5.557775668062080676e+00
8.004563724588575901e-01
3.367545844236510821e-01
3.372405255035541005e-01
1.981170441518645076e+00
8.228453630125628915e-02
2.848249095031347711e+00
4.624996622397099522e+00
3.743000233934687948e+00
3.776190038111115754e+00
4.543898776096220615e+00
4.228588979408377746e+00
5.748214498917336712e-01
1.130355539404549692e+00
2.698794362445866568e-01
3.655013136718566091e+00
4.883744440009080812e+00
8.285190124736093731e-01
4.021711356350655464e+00
1.618789671158898047e+00
1.560020159732316891e+00
7.074864565721811216e-01
5.811084510258628377e+00
1.583594839026737366e-01
2.668013033475737927e+00
4.880307405904201978e+00
4.627414503523435974e-01
5.773898658550385754e+00
1.634741193223487876e+00
1.352735899951200471e+00
5.629073189050226134e+00
3.337817965757544858e+00
6.266151325172074626e-01
3.947948278891673102e+00
4.585408241569383314e+00
2.256671052036515857e+00
6.165827322396683075e-01
3.052216665648857852e+00
4.533171245730904353e+00
1.445192759087584322e-01
2.221039312920307651e+00
7.056191363405840411e-01
1.648017497637457751e+00
2.330954153718293842e+00
3.311981913131226030e+00
5.233900749181876755e+00
1.424915189058480802e+00
3.343547389408609849e+00
5.418959987865813455e-01
8.974172320037555606e-01
1.355116426938202112e+00
8.565975008186059725e-01
2.895452460164463115e+00
1.209726374821868067e+00
3.392482273851714414e+00
2.413728667033038788e-01
5.855199906334374038e-01
7.611470148096931565e-01
4.435777087704555477e+00
4.154762756753910935e+00
6.707923820756579447e-01
5.345000912237860557e-01
3.127414669176676654e+00
3.136460359299897860e+00
2.173881308955054603e-01
5.600326574134578017e+00
2.106597803178267281e+00
3.104291773281115496e+00
3.089199195718034030e+00
2.714513711462478884e+00
2.763753052994844861e+00
5.171615768680334568e+00
2.909852845342874250e+00
3.103085875025934914e+00
3.755904733721029398e+00
